tree
version=v2
num_class=1
num_tree_per_iteration=1
label_index=0
max_feature_idx=13
objective=regression
feature_names=hour_coef season1 season2 season3 season4 weather1 weather2 weather3 weather4 windspeed humidity temp workingday holiday
feature_infos=[-1.2854845375565869:2.340869919812175] [0:1] [0:1] [0:1] [0:1] [0:1] [0:1] [0:1] none [0:1] [0:1] [0:1] [0:1] [0:1]
tree_sizes=2424 2436 2446 2458 2446 2440 2458 2446 2428 2421 2411 2417 2412 2416 2412 2410 2442 2417 2407 2449

Tree=0
num_leaves=31
num_cat=0
split_feature=0 0 11 0 0 11 0 0 11 10 10 0 7 7 11 11 7 10 11 12 0 0 11 10 11 7 0 11 12 0
split_gain=7.01285e+07 1.37579e+07 1.28575e+07 7.55515e+06 3.33947e+06 3.17107e+06 2.2767e+06 1.91654e+06 1.15022e+06 1.0124e+06 912061 886168 678400 634175 668388 571254 560047 530423 426794 358178 403579 348157 293513 275768 326818 235368 233936 218751 206358 232662
threshold=0.33042958521700944 -0.55131344348501654 0.47959183673469391 0.85469527529141431 1.394273297566669 0.43877551020408168 1.6803889328235264 -0.98661706045506758 0.21428571428571433 0.77500000000000013 0.71500000000000008 -0.15253873016602706 1.0000000180025095e-35 1.0000000180025095e-35 0.19387755102040818 0.23469387755102045 1.0000000180025095e-35 0.74500000000000011 0.33673469387755106 1.0000000180025095e-35 2.0164555485883833 0.46412653116879427 0.47959183673469391 0.48500000000000004 0.7857142857142857 1.0000000180025095e-35 0.63763785802058703 0.62244897959183676 1.0000000180025095e-35 -0.056227341475843455
decision_type=2 2 2 2 2 2 2 2 2 2 2 2 2 2 2 2 2 2 2 2 2 2 2 2 2 2 2 2 2 2
left_child=1 7 4 12 8 15 10 -1 -2 -8 23 25 21 14 -6 -3 18 28 -10 -16 -21 -4 -9 24 27 -7 -20 -5 29 -13
right_child=2 5 3 6 13 11 9 22 16 -11 -12 17 -14 -15 19 -17 -18 -19 26 20 -22 -23 -24 -25 -26 -27 -28 -29 -30 -31
leaf_value=182.54082723511357 187.75877469685301 184.75603113582278 196.7565245559158 205.75157555471517 194.83194733862948 190.52880178668562 212.65476476059814 185.09278408337664 192.61217208730275 203.28284610623791 196.85637538336624 194.0187970932696 190.84000276702847 191.62916947184209 198.07612911997441 188.41012315831017 188.83529688467553 189.77389834939368 193.38166943371641 207.13866972361211 201.27441620270028 200.02470983406121 187.38886943370704 203.57367905757025 203.04047926631347 185.54936174138743 196.8312149760942 210.0365228685383 193.62573744955475 199.3193723013577
leaf_count=1128 95 141 138 53 36 272 189 314 189 34 34 47 30 20 37 443 51 83 70 50 71 199 250 107 42 26 165 68 397 37
internal_value=0 -88.7351 164.526 246.499 71.0513 -17.1098 323.214 -149.947 31.0614 399.956 266.92 21.4355 136.339 177.566 195.045 -74.0038 51.1509 44.7418 63.0597 223.063 249.392 149.167 -102.35 286.357 312.25 -22.6744 91.5124 338.631 57.4809 102.51
internal_count=4816 3138 1678 894 784 1446 527 1692 570 223 304 862 367 214 194 584 475 564 424 158 121 337 564 270 163 298 235 121 481 84
shrinkage=1


Tree=1
num_leaves=31
num_cat=0
split_feature=0 0 11 0 0 11 0 0 4 4 10 10 4 0 11 7 10 11 0 0 11 10 11 10 11 11 10 0 10 5
split_gain=6.3291e+07 1.24165e+07 1.16039e+07 6.81853e+06 3.01387e+06 2.86209e+06 2.05472e+06 1.73379e+06 1.68667e+06 1.28445e+06 913693 823135 798763 748563 613848 612256 508083 497057 390209 328221 258181 248881 294953 246645 211753 197423 196825 193738 197662 192217
threshold=0.33042958521700944 -0.55131344348501654 0.47959183673469391 0.85469527529141431 1.394273297566669 0.45918367346938777 1.6803889328235264 -0.8650452739678709 1.0000000180025095e-35 1.0000000180025095e-35 0.77500000000000013 0.71500000000000008 1.0000000180025095e-35 -0.15253873016602706 0.35714285714285715 1.0000000180025095e-35 0.87500000000000011 0.3775510204081633 0.63763785802058703 0.37841833743430969 0.39795918367346939 0.48500000000000004 0.7857142857142857 0.69500000000000017 0.33673469387755106 0.62244897959183676 0.68500000000000016 2.0164555485883833 0.53500000000000014 1.0000000180025095e-35
decision_type=2 2 2 2 2 2 2 2 2 2 2 2 2 2 2 2 2 2 2 2 2 2 2 2 2 2 2 2 2 2
left_child=1 7 4 15 8 12 11 -1 14 17 -8 21 24 -7 -2 19 -15 27 -10 -4 -9 22 25 -20 -3 -5 -14 28 -6 -16
right_child=2 5 3 6 9 13 10 20 18 -11 -12 -13 26 16 29 -17 -18 -19 23 -21 -22 -23 -24 -25 -26 -27 -28 -29 -30 -31
leaf_value=-8.1664424181386206 -2.1231772067929118 -5.5569487367489545 3.831221279643831 13.797326642162396 1.8068237018212678 -0.97724246184740748 20.35535688677793 -5.9605753195340228 2.0236873805915052 13.549374500299113 11.452034305123723 5.3468871745993116 0.10017746711263852 2.6008179189604372 -0.24773839637637141 -0.36866677999496461 -3.7122242324492514 10.102036903544171 8.0508927811516653 7.8336392488792868 -3.6793265312701671 11.728325414211952 11.22178571791876 3.7514179255602493 -3.158232805049503 17.868026559493121 -3.0475538163185121 1.1349241654078166 8.2239615249633786 3.9696450774584502
leaf_count=1187 237 258 63 53 20 280 189 219 76 78 34 34 147 509 44 30 34 41 90 274 286 107 42 53 143 68 75 45 30 70
internal_value=0 -84.2983 156.3 234.174 67.4987 -16.2543 307.053 -142.449 29.5083 168.688 379.958 253.574 -67.3888 22.4538 -13.4597 129.522 44.1105 110.016 98.375 141.708 -93.3724 272.039 296.638 129.148 -94.0309 321.7 -19.2649 70.3004 113.142 46.8377
internal_count=4816 3138 1678 894 784 1446 527 1692 570 214 223 304 623 823 351 367 543 136 219 337 505 270 163 143 401 121 222 95 50 114
shrinkage=0.05


Tree=2
num_leaves=31
num_cat=0
split_feature=0 0 11 0 0 11 0 1 0 4 10 10 10 4 0 7 11 7 0 1 0 10 11 11 11 0 10 9 4 10
split_gain=5.71201e+07 1.12059e+07 1.04725e+07 6.15372e+06 2.72002e+06 2.58759e+06 1.85438e+06 1.7794e+06 1.57362e+06 1.15921e+06 824608 747529 745336 695647 563826 552561 448594 444054 331234 298102 296219 246775 266195 211695 178174 174849 178390 159639 158419 155023
threshold=0.33042958521700944 -0.55131344348501654 0.47959183673469391 0.85469527529141431 1.394273297566669 0.43877551020408168 1.6803889328235264 1.0000000180025095e-35 -0.98661706045506758 1.0000000180025095e-35 0.77500000000000013 0.81500000000000017 0.7350000000000001 1.0000000180025095e-35 -0.15253873016602706 1.0000000180025095e-35 0.3775510204081633 1.0000000180025095e-35 0.63763785802058703 1.0000000180025095e-35 0.37841833743430969 0.48500000000000004 0.7857142857142857 0.21428571428571433 0.62244897959183676 2.0164555485883833 0.53500000000000014 0.34213001057952286 1.0000000180025095e-35 0.68500000000000016
decision_type=2 2 2 2 2 2 2 2 2 2 2 2 2 2 2 2 2 2 2 2 2 2 2 2 2 2 2 2 2 2
left_child=1 8 4 15 7 13 12 17 -1 16 27 14 21 -3 -7 20 25 18 -2 -10 -4 22 24 -9 -5 26 -6 -8 -20 -15
right_child=2 5 3 6 9 11 10 23 19 -11 -12 -13 -14 29 -16 -17 -18 -19 28 -21 -22 -23 -24 -25 -26 -27 -28 -29 -30 -31
leaf_value=-7.8445616542024812 2.44193137321033 -4.5966488130117593 3.6396602021323314 13.107460829896747 1.7164825248718263 -0.45194926729872215 20.126205905006358 -3.5145576861169605 -3.9965299752212062 12.871905674078526 10.879432316387401 -2.8610434460210374 4.4208713395842194 0.040001019564541905 2.4795923600350243 -0.35023340736826264 9.5969351564965599 -0.98861769061339533 3.4899486711337455 -6.7641377151489257 7.4419573784309581 11.041816727604186 10.660696120489213 -0.54733801925379921 16.974625710880058 1.0781778701146443 7.8127634286880498 16.659958768445392 7.0429238276135537 -2.8707654898507258
leaf_count=1128 95 382 63 53 20 242 146 90 439 78 34 111 29 132 509 30 41 38 42 125 274 112 42 181 68 45 30 43 124 70
internal_value=0 -80.0834 148.485 222.465 64.1238 -15.4416 291.701 28.0329 -135.327 160.254 360.96 19.3774 240.895 -66.8354 30.6988 123.046 104.515 81.2252 95.9298 -92.1984 134.623 256.975 281.806 -30.6552 305.615 66.7854 107.485 386.752 122.88 -19.3736
internal_count=4816 3138 1678 894 784 1446 527 570 1692 214 223 862 304 584 751 367 136 299 261 564 337 275 163 271 121 95 50 189 166 202
shrinkage=0.05


Tree=3
num_leaves=31
num_cat=0
split_feature=0 0 0 12 3 0 7 3 2 4 2 4 0 10 10 7 10 0 2 3 4 3 2 4 0 10 0 0 4 10
split_gain=5.15509e+07 1.0129e+07 7.71025e+06 1.84479e+06 1.70034e+06 1.58999e+06 1.39104e+06 1.09962e+06 787006 1.72705e+06 747059 1.70879e+06 726940 614286 573145 569606 503216 495209 493616 570829 801527 433450 416749 964382 308723 275918 271371 245412 238444 233273
threshold=0.33042958521700944 -0.42172738160118595 1.1861454409230807 1.0000000180025095e-35 1.0000000180025095e-35 -0.8650452739678709 1.0000000180025095e-35 1.0000000180025095e-35 1.0000000180025095e-35 1.0000000180025095e-35 1.0000000180025095e-35 1.0000000180025095e-35 -0.15253873016602706 0.7350000000000001 0.70500000000000018 1.0000000180025095e-35 0.79500000000000015 0.97704647612918405 1.0000000180025095e-35 1.0000000180025095e-35 1.0000000180025095e-35 1.0000000180025095e-35 1.0000000180025095e-35 1.0000000180025095e-35 0.57923339159677967 0.45500000000000007 0.85469527529141431 0.37841833743430969 1.0000000180025095e-35 0.60500000000000009
decision_type=2 2 2 2 2 2 2 2 2 2 2 2 2 2 2 2 2 2 2 2 2 2 2 2 2 2 2 2 2 2
left_child=1 5 4 14 8 -1 7 10 9 -2 11 29 -3 26 18 21 24 27 19 20 -4 22 23 -14 -11 -20 -10 -6 -16 -5
right_child=2 12 3 6 17 -7 -8 -9 13 16 -12 -13 15 -15 28 -17 -18 -19 25 -21 -22 -23 -24 -25 -26 -27 -28 -29 -30 -31
leaf_value=-7.3738228885486734 -1.3170933484263687 -2.1753821184472382 2.2587610310491395 4.5602023127286335 2.8421457303791411 -4.1436138919675845 3.8061049413681034 19.101096278970893 5.3977647647602867 3.1181595476846851 16.244299504097473 15.941622994585735 -3.3684625257228342 0.84015896081924435 0.87856338728557937 -4.2876392566240753 0.80149823606960369 11.849190774457208 15.360509618123373 11.816140662133694 9.9643171233917371 2.5501320099601381 1.6550147269205127 1.5035300971605841 7.4164336978908514 8.6400061726570136 9.5306897627679934 7.4641709304191695 7.5104367256164553 10.472918599302119
leaf_count=1187 233 487 68 69 36 561 35 88 131 63 94 82 212 60 33 65 63 58 42 64 67 208 223 195 124 24 57 142 23 22
internal_value=0 -76.0792 141.06 220.113 82.9357 -126.743 266.325 285.078 59.1097 35.5981 253.126 214.135 -12.3674 104.9 163.967 4.42688 93.3261 156.736 183.392 158.536 121.66 11.4217 -1.64627 -20.6843 119.367 258.334 133.017 130.588 72.0474 119.793
internal_count=4816 3138 1678 711 967 1748 390 355 731 483 267 173 1390 248 321 903 250 236 265 199 135 838 630 407 187 66 188 178 56 91
shrinkage=0.05


Tree=4
num_leaves=31
num_cat=0
split_feature=0 11 0 0 0 11 0 1 4 0 0 4 7 11 7 7 0 0 5 0 11 5 11 11 7 11 1 7 11 0
split_gain=4.65265e+07 9.3115e+06 8.69238e+06 5.23642e+06 2.37448e+06 2.12807e+06 1.5057e+06 1.48684e+06 942190 769132 702690 534695 488607 391043 382908 341268 367132 242639 242593 238404 200141 258713 199902 182722 181350 210902 179171 165531 154616 159848
threshold=0.21015541829725298 0.47959183673469391 -0.63695422841080285 0.85469527529141431 1.394273297566669 0.47959183673469391 1.6803889328235264 1.0000000180025095e-35 1.0000000180025095e-35 -0.98661706045506758 -0.15253873016602706 1.0000000180025095e-35 1.0000000180025095e-35 0.3775510204081633 1.0000000180025095e-35 1.0000000180025095e-35 0.63763785802058703 -0.025548960679712875 1.0000000180025095e-35 0.46412653116879427 0.70408163265306134 1.0000000180025095e-35 0.23469387755102045 0.62244897959183676 1.0000000180025095e-35 0.29591836734693883 1.0000000180025095e-35 1.0000000180025095e-35 0.76530612244897966 1.1861454409230807
decision_type=2 2 2 2 2 2 2 2 2 2 2 2 2 2 2 2 2 2 2 2 2 2 2 2 2 2 2 2 2 2
left_child=2 4 9 12 7 11 18 15 13 -1 27 22 19 -6 -12 16 -2 -13 23 -3 21 -8 -4 -5 25 -9 -11 -7 29 -20
right_child=1 3 5 6 8 10 20 24 -10 26 14 17 -14 -15 -16 -17 -18 -19 28 -21 -22 -23 -24 -25 -26 -27 -28 -29 -30 -31
leaf_value=-7.0836424268788747 1.7748709290687525 4.7179355336844564 -5.6147740743099117 4.8881572455167772 2.8805577741484893 -0.81369125629100236 12.334333274060604 -2.4898978784084322 11.535232323866625 -3.8375112406087517 2.1184178528865263 -2.2556306127575225 -0.30997603833675386 8.7230450768296315 -3.533376008272171 -1.0648480779246279 5.4794618426317196 1.1653350868695218 11.10112169318729 7.2969886281082985 18.208091761849143 16.848956756932395 -3.4081021472960717 10.162464277560895 -6.1961052942275998 0.36318322362606992 -6.3797191205232044 -4.6943821414311726 9.58004145304362 14.193625599298722
leaf_count=1128 112 163 156 24 95 327 51 150 78 281 472 192 32 41 32 38 166 71 90 199 88 84 300 52 20 114 92 30 60 78
internal_value=0 130.578 -74.1602 199.45 52.6524 -22.3894 264.647 20.3969 143.088 -128.656 11.1479 -62.5501 112.244 92.8379 35.1915 67.5894 79.7393 -26.642 218.866 122.714 327.056 302.869 -83.2603 169.938 -32.113 -25.1577 -89.2909 -22.796 235.176 250.739
internal_count=4816 1735 3081 921 814 1580 527 600 214 1501 861 719 394 136 504 316 278 263 304 362 223 135 456 76 284 264 373 357 228 168
shrinkage=0.05


Tree=5
num_leaves=31
num_cat=0
split_feature=0 0 11 0 4 11 0 0 12 0 10 10 10 0 0 1 11 11 11 1 13 10 5 0 0 10 10 0 12 10
split_gain=4.17579e+07 8.23094e+06 7.65332e+06 4.33779e+06 2.24668e+06 2.10463e+06 1.35775e+06 1.3225e+06 1.23797e+06 987270 875940 673329 637312 538939 520794 498064 416327 364247 362181 333481 310576 278756 263485 232689 226910 224509 214588 198918 164726 181602
threshold=0.33042958521700944 -0.42172738160118595 0.47959183673469391 1.1861454409230807 1.0000000180025095e-35 0.45918367346938777 1.345469320069175 -0.8650452739678709 1.0000000180025095e-35 1.6803889328235264 0.7350000000000001 0.48500000000000004 0.82500000000000018 0.85469527529141431 -0.15253873016602706 1.0000000180025095e-35 0.33673469387755106 0.3775510204081633 0.72448979591836749 1.0000000180025095e-35 1.0000000180025095e-35 0.65500000000000014 1.0000000180025095e-35 2.0164555485883833 0.37841833743430969 0.66500000000000015 0.74500000000000011 0.21015541829725298 1.0000000180025095e-35 0.65500000000000014
decision_type=2 2 2 2 2 2 2 2 2 2 2 2 2 2 2 2 2 2 2 2 2 2 2 2 2 2 2 2 2 2
left_child=1 7 4 10 9 15 21 -1 11 16 13 18 -10 24 -7 25 -2 23 -5 -9 26 -6 -18 -11 -4 -3 27 -16 -8 -30
right_child=2 5 3 8 6 14 28 19 12 17 -12 -13 -14 -15 20 -17 22 -19 -20 -21 -22 -23 -24 -25 -26 -27 -28 -29 29 -31
leaf_value=-6.6780650871793945 -2.0571597446815684 -0.19136207816402684 2.7964915584295227 15.309241535480206 5.4296036775741321 -0.71212519073742442 8.2278070308066713 -3.0842460666783156 17.194798252823649 5.7388214070546004 2.8257185312490618 6.7283398077096024 8.9509298536512585 10.250305115626409 1.9269055093113754 -4.1843597325445465 -1.0564786906425769 8.9528070441501981 9.4739024183485245 -5.941381428654033 7.4723778533935548 1.6503270698397348 3.1513080557187401 0.47711424624666254 6.9276839703321462 -3.1581378804743294 -0.82812076470126272 6.8051127563823357 14.83207715715681 9.4296714748655059
leaf_count=1173 218 176 39 65 108 256 37 440 178 38 126 73 27 130 417 311 65 34 45 133 25 89 87 47 225 100 69 22 35 28
internal_value=0 -68.7436 126.259 188.796 54.0149 -10.9045 122.617 -114.326 268.812 12.3487 129.091 209.027 322.18 152.301 22.8288 -56.2463 -13.1334 91.579 258.441 -74.9484 40.6342 74.4443 27.0385 56.5881 126.348 -25.3256 35.2792 43.4274 217.516 248.62
internal_count=4816 3122 1694 908 786 1376 297 1746 388 489 520 183 205 394 789 587 370 119 110 573 533 197 152 85 264 276 508 439 100 63
shrinkage=0.05


Tree=6
num_leaves=31
num_cat=0
split_feature=0 0 1 0 1 12 7 7 0 0 0 0 7 13 5 0 7 1 7 3 0 9 0 0 0 5 0 5 2 9
split_gain=3.76865e+07 7.42936e+06 6.05281e+06 5.30355e+06 1.78598e+06 1.28378e+06 1.16925e+06 1.1108e+06 949471 883247 783399 665009 412294 297979 280003 213463 202690 197195 186445 178178 144773 122104 117455 104043 103620 94069.8 92286.8 69444.3 68938.2 92046.3
threshold=0.33042958521700944 -0.62711254234086622 1.0000000180025095e-35 1.1861454409230807 1.0000000180025095e-35 1.0000000180025095e-35 1.0000000180025095e-35 1.0000000180025095e-35 -0.98661706045506758 1.6803889328235264 -0.15253873016602706 0.57923339159677967 1.0000000180025095e-35 1.0000000180025095e-35 1.0000000180025095e-35 2.2176929610678529 1.0000000180025095e-35 1.0000000180025095e-35 1.0000000180025095e-35 1.0000000180025095e-35 1.1861454409230807 0.1754437522040673 0.97704647612918405 -1.177892012749016 -0.25412380487420855 1.0000000180025095e-35 0.098846622934356698 1.0000000180025095e-35 1.0000000180025095e-35 0.28071000352650771
decision_type=2 2 2 2 2 2 2 2 2 2 2 2 2 2 2 2 2 2 2 2 2 2 2 2 2 2 2 2 2 2
left_child=1 8 3 6 10 14 11 15 23 18 16 -2 13 26 -5 -7 -3 -10 20 -13 -4 -17 -21 -1 -6 -11 -12 -22 -16 -30
right_child=2 4 9 5 24 7 -8 -9 17 25 12 19 -14 -15 28 21 -18 -19 -20 22 27 -23 -24 -25 -26 -27 -28 -29 29 -31
leaf_value=-6.7813553573372989 3.473725971972689 -1.0239839104802808 -0.90880183398723602 6.5038237255380826 -4.9416431247678574 13.874833434920072 -0.99674781625335285 4.3324736698397563 -3.3035713028477796 2.4540284735541191 0.94639032632521891 6.0568701403827996 -3.3714499068814656 6.5518849102656054 9.3564544213445568 13.661826782226564 -4.9381502866744995 -5.6058773750116018 -4.7816389503479 7.1882615636806095 -0.54917952506379641 18.202575656823946 10.186416969007375 -5.7722271895288824 -3.1444232488379757 5.7624889996434963 2.2158204794877161 2.8785633606380889 9.5359571184430809 13.667425823211671
leaf_count=713 235 407 215 83 117 179 74 28 402 31 364 295 43 30 114 20 36 121 25 98 22 57 49 398 255 70 236 45 28 26
internal_value=0 -65.3064 119.946 153.615 -14.1872 229.701 99.4122 275.753 -111.858 13.822 5.81486 112.457 27.3107 33.777 177.595 296.436 -26.8413 -76.7245 -12.8651 135.31 -5.52759 340.463 163.753 -128.397 -74.1936 94.9404 28.914 35.0607 201.071 230.504
internal_count=4816 3122 1694 1286 1488 535 751 284 1634 408 1116 677 673 630 251 256 443 523 307 442 282 77 147 1111 372 101 600 67 168 54
shrinkage=0.05


Tree=7
num_leaves=31
num_cat=0
split_feature=0 0 11 0 11 0 0 12 1 1 10 10 10 0 10 1 10 11 7 0 13 11 10 11 12 10 0 11 9 0
split_gain=3.40121e+07 6.72116e+06 6.4934e+06 3.54517e+06 1.79056e+06 1.74933e+06 1.07835e+06 1.02157e+06 945149 861726 758686 597607 544182 454841 440918 389797 369401 327149 321295 313825 298576 276566 230469 212793 200848 200713 196688 166372 160787 156734
threshold=0.33042958521700944 -0.42172738160118595 0.47959183673469391 1.1861454409230807 0.45918367346938777 1.345469320069175 -0.8650452739678709 1.0000000180025095e-35 1.0000000180025095e-35 1.0000000180025095e-35 0.7350000000000001 0.48500000000000004 0.82500000000000018 0.85469527529141431 0.81500000000000017 1.0000000180025095e-35 0.79500000000000015 0.72448979591836749 1.0000000180025095e-35 -0.15253873016602706 1.0000000180025095e-35 0.39795918367346939 0.80500000000000016 0.35714285714285715 1.0000000180025095e-35 0.51500000000000012 0.37841833743430969 0.29591836734693883 0.21053250264488074 0.21015541829725298
decision_type=2 2 2 2 2 2 2 2 2 2 2 2 2 2 2 2 2 2 2 2 2 2 2 2 2 2 2 2 2 2
left_child=1 6 5 10 15 9 -1 11 22 16 13 17 -9 26 19 25 -2 -5 -12 -6 29 -8 24 -10 -7 -3 -4 -11 -18 -21
right_child=2 4 3 7 14 8 21 12 23 27 18 -13 -14 -15 -16 -17 28 -19 -20 20 -22 -23 -24 -25 -26 -27 -28 -29 -30 -31
leaf_value=-6.0300309823513132 3.6699260411866632 0.57665135973691939 2.4887121030917534 14.075450970576362 -0.10799555313448572 6.7682575196254291 -4.6411917474962054 15.621780740545038 1.4630949709184318 -2.6872307644072753 4.1295699461457431 5.9715854213662354 8.0040230468467435 9.3798144044784397 -2.2905520341177095 -3.7936494758753918 1.6351996256754948 8.5294962289598271 -1.4142818670015078 1.7000029522072433 7.7461869364199432 -2.4241216490910604 4.7505452752113344 5.8708100862408941 11.357934826523511 -2.2285007287494163 6.3349578770001731 -0.049967053918926807 -3.1468835458159448 5.9337703124336585
leaf_count=1173 203 100 39 65 215 37 248 178 98 134 89 73 27 130 87 311 39 45 37 441 23 325 30 38 67 176 225 108 32 23
internal_value=0 -62.0411 113.948 171.552 -9.77519 47.4041 -103.231 243.889 112.622 13.2784 117.577 189.58 292.369 139.178 21.3395 -51.5971 51.6838 236.133 50.0323 29.6616 43.7101 -67.6738 172.227 53.8932 194.501 -24.2428 115.335 -30.2054 -10.4021 38.1973
internal_count=4816 3122 1694 908 1376 786 1746 388 270 516 520 183 205 394 789 587 274 110 126 702 487 573 134 136 104 276 264 242 71 464
shrinkage=0.05


Tree=8
num_leaves=31
num_cat=0
split_feature=11 10 10 11 4 10 11 4 10 11 10 4 11 11 6 5 10 11 11 3 10 11 10 10 11 11 9 10 10 11
split_gain=8.15053e+06 7.65437e+06 2.15731e+06 1.42734e+06 933166 834938 762247 467789 435099 500685 372267 359553 317280 283680 259835 254029 337935 213802 210572 180604 170071 168139 237393 159219 158115 145455 141105 128906 125792 112661
threshold=0.35714285714285715 0.55500000000000016 0.74500000000000011 0.52040816326530626 1.0000000180025095e-35 0.44500000000000006 0.70408163265306134 1.0000000180025095e-35 0.6150000000000001 0.29591836734693883 0.89500000000000013 1.0000000180025095e-35 0.56122448979591855 0.74489795918367363 1.0000000180025095e-35 1.0000000180025095e-35 0.31500000000000006 0.62244897959183676 0.52040816326530626 1.0000000180025095e-35 0.46500000000000008 0.25510204081632659 0.75500000000000012 0.58500000000000008 0.68367346938775519 0.47959183673469391 0.21053250264488074 0.68500000000000016 0.45500000000000007 0.88775510204081642
decision_type=2 2 2 2 2 2 2 2 2 2 2 2 2 2 2 2 2 2 2 2 2 2 2 2 2 2 2 2 2 2
left_child=4 3 6 11 21 13 7 18 9 -6 -4 15 -9 17 29 -2 25 -5 -3 -20 -13 -1 -23 -8 27 -17 -22 -21 -18 -15
right_child=1 2 10 5 8 -7 23 12 -10 -11 -12 20 -14 14 -16 16 28 -19 19 24 26 22 -24 -25 -26 -27 -28 -29 -30 -31
leaf_value=-4.337463102470231 -2.70231991648674 -1.9393591291829944 -1.7303391490487297 6.3976855748739005 -2.1226323242809459 3.817681917028084 1.005129509206329 1.5733457854616713 -2.6106245554479441 2.3746545574113505 -4.2714151730252938 5.6083757612109189 7.1481676379839589 5.6522650141422064 10.738765820589933 2.5536741957519995 1.4552805483888049 9.1990393015504619 1.2967250599005284 0.035196006203454637 4.7140854920659754 -2.3887398820403796 -5.0048620764006921 4.194994083384878 1.4133462985356651 7.4533088110387329 -0.11172705509445885 -2.9418080914852229 -1.4269366638413792 2.7137004738762265
leaf_count=612 40 160 796 117 115 361 49 171 266 134 176 80 30 146 22 33 109 163 195 63 28 335 117 194 57 28 33 86 58 42
internal_value=0 28.6013 -10.2196 89.5131 -59.0329 112.846 22.2669 6.71479 -24.0903 5.95189 -43.809 40.9639 48.1082 139.732 111.948 19.4578 32.3533 160.569 -8.11599 4.12189 81.8408 -75.9459 -61.3184 71.0354 -16.526 96.0537 42.068 -33.6615 9.08542 99.9155
internal_count=4816 3237 1977 1260 1579 851 1005 762 515 249 972 409 201 490 210 268 228 280 561 401 141 1064 452 243 206 61 61 149 167 188
shrinkage=0.05


Tree=9
num_leaves=31
num_cat=0
split_feature=0 0 11 0 11 4 0 0 10 0 10 0 1 0 7 0 11 11 11 10 7 0 13 11 0 11 11 5 9 7
split_gain=3.00711e+07 7.3985e+06 5.19955e+06 2.166e+06 1.599e+06 1.59685e+06 959124 714870 688076 655614 622510 502020 436317 378310 306286 288702 226675 224989 223911 215617 213150 201550 263815 194897 193389 183890 209835 175423 150657 148793
threshold=0.46412653116879427 -0.42172738160118595 0.47959183673469391 1.6803889328235264 0.43877551020408168 1.0000000180025095e-35 -0.98661706045506758 1.394273297566669 0.7350000000000001 1.6803889328235264 0.77500000000000013 -0.15253873016602706 1.0000000180025095e-35 0.97704647612918405 1.0000000180025095e-35 2.0164555485883833 0.39795918367346939 0.33673469387755106 0.33673469387755106 0.75500000000000012 1.0000000180025095e-35 0.21015541829725298 1.0000000180025095e-35 0.21428571428571433 1.0000000180025095e-35 0.70408163265306134 0.62244897959183676 1.0000000180025095e-35 0.24562125308569419 1.0000000180025095e-35
decision_type=2 2 2 2 2 2 2 2 2 2 2 2 2 2 2 2 2 2 2 2 2 2 2 2 2 2 2 2 2 2
left_child=1 6 5 8 12 9 -1 20 13 18 -5 -6 19 -4 21 23 -8 -17 -2 24 -7 22 -13 -11 -3 26 -15 28 -20 -10
right_child=2 4 3 10 11 7 16 -9 29 15 -12 14 -14 25 -16 17 -18 -19 27 -21 -22 -23 -24 -25 -26 -27 -28 -29 -30 -31
leaf_value=-5.7000129680607792 -1.6784240582079257 -1.2370490015344695 6.3983282079559345 14.36353201976468 -0.71303549691344859 4.8333887240269808 -4.3276676659286029 9.9322565989403788 4.8507155335138714 3.3424558515134066 7.079081092561994 1.303417638056773 -3.1982926342982414 8.8153919376432892 -2.1316989551419798 -0.71660873544843584 -2.4249894834246852 5.1312521470004118 2.0411544313430787 -2.8189244247795573 -0.56117961520240423 3.522819824308657 6.6778034925460821 9.505731494673368 1.6793738404909773 7.8475361489016437 12.656485922634602 2.9993743654281375 -3.175690426749568 0.70623321533203132
leaf_count=1111 159 120 191 181 270 143 280 79 63 23 35 470 366 80 46 38 355 29 25 84 21 179 24 29 108 116 64 63 31 33
internal_value=0 -50.7875 123.121 178.876 -3.13806 56.6509 -96.281 120.497 145.395 17.5714 263.664 22.5052 -40.5439 161.758 36.3115 79.6837 -65.2793 36.2911 -9.01629 -13.0682 82.8524 41.7075 31.2904 135.593 2.88829 186.582 210.451 23.7887 -16.9348 68.521
internal_count=4816 3413 1403 763 1667 640 1746 243 547 397 216 989 678 451 719 119 635 67 278 312 164 673 494 52 228 260 144 119 56 96
shrinkage=0.05


Tree=10
num_leaves=31
num_cat=0
split_feature=0 0 11 11 0 1 0 10 0 7 0 10 0 1 12 0 10 11 0 10 11 11 10 0 10 0 11 5 9 9
split_gain=2.78528e+07 7.63633e+06 3.99688e+06 1.76044e+06 1.58803e+06 1.15814e+06 829929 755038 616480 548786 533783 523476 421014 321835 265391 240995 219508 204984 193385 185757 191764 185458 193912 182317 167806 159085 129032 131421 121439 119587
threshold=0.63763785802058703 -0.42172738160118595 0.47959183673469391 0.39795918367346939 1.394273297566669 1.0000000180025095e-35 -0.98661706045506758 0.82500000000000018 1.6803889328235264 1.0000000180025095e-35 0.10563806041069995 0.87500000000000011 1.6803889328235264 1.0000000180025095e-35 1.0000000180025095e-35 1.0460699364482291 0.65500000000000014 0.47959183673469391 -0.15253873016602706 0.53500000000000014 0.31632653061224492 0.7857142857142857 0.67500000000000016 2.2176929610678529 0.80500000000000016 2.0164555485883833 0.23469387755102045 1.0000000180025095e-35 0.24562125308569419 0.3157987539673211
decision_type=2 2 2 2 2 2 2 2 2 2 2 2 2 2 2 2 2 2 2 2 2 2 2 2 2 2 2 2 2 2
left_child=1 6 5 13 11 8 -1 14 16 10 18 15 26 -3 -6 -4 -2 -8 -5 20 -14 22 -17 29 25 -10 -7 -28 -18 -16
right_child=2 3 4 9 7 12 17 -9 24 -11 -12 -13 19 -15 23 21 28 -19 -20 -21 -22 -23 -24 -25 -26 -27 27 -29 -30 -31
leaf_value=-5.4021435087282477 5.3157715833292603 -0.74630408104795676 6.4321461623768474 -0.34528410164639356 8.9944601668251902 -2.4340858353943124 -3.9428391555655455 3.7807012357711791 12.835805314381918 -2.8039282803982495 3.0728916042180878 1.4754992723464966 -0.79809325262904174 -3.0430453774769131 13.687500075834343 10.552198126006127 3.285252341628075 -2.1104772929495033 1.3427353915562255 6.2650045052955026 5.1143558422724409 6.2098425051745245 6.07586669921875 15.826322028820332 4.9111390352249149 7.9362105108596186 -1.6795698207357657 1.7511707176624889 -0.74763187553201416 10.463107177873397
leaf_count=1142 113 260 215 272 36 61 343 25 30 80 356 38 32 369 83 125 56 275 451 38 24 51 30 65 20 37 46 71 28 44
internal_value=0 -45.3081 127.366 0.720008 176.979 63.832 -92.0684 240.59 108.497 23.8359 29.761 141.916 17.1963 -41.8735 258.68 152.062 77.5353 -62.5494 14.1537 71.3353 34.7163 176.505 193.716 273.453 178.606 202.601 -11.394 8.04665 38.8192 251.408
internal_count=4816 3548 1268 1788 712 556 1760 253 284 1159 1079 459 272 629 228 421 197 618 723 94 56 206 155 192 87 67 178 117 84 127
shrinkage=0.05


Tree=11
num_leaves=31
num_cat=0
split_feature=0 0 1 0 1 10 10 0 10 0 0 0 9 7 10 0 1 10 9 10 0 10 10 0 0 0 4 5 10 10
split_gain=2.51371e+07 6.89178e+06 3.345e+06 1.86785e+06 1.42777e+06 888265 772737 753822 623194 500229 472391 239792 239463 230541 217833 200638 176810 164016 142544 142107 139916 132654 132578 112015 107723 100365 94460.1 88381.3 108005 84207.8
threshold=0.63763785802058703 -0.42172738160118595 1.0000000180025095e-35 1.6803889328235264 1.0000000180025095e-35 0.80500000000000016 0.74500000000000011 -1.0488262626073246 0.75500000000000012 -0.15253873016602706 1.6803889328235264 0.21015541829725298 0.21053250264488074 1.0000000180025095e-35 0.43500000000000005 2.2176929610678529 1.0000000180025095e-35 0.33500000000000008 0.34213001057952286 0.71500000000000008 1.1861454409230807 0.35500000000000004 0.24500000000000002 0.85469527529141431 -0.056227341475843455 0.21015541829725298 1.0000000180025095e-35 1.0000000180025095e-35 0.53500000000000014 0.38500000000000006
decision_type=2 2 2 2 2 2 2 2 2 2 2 2 2 2 2 2 2 2 2 2 2 2 2 2 2 2 2 2 2 2
left_child=1 7 3 6 8 15 14 -1 9 -3 19 -11 -8 25 17 18 -9 22 -5 -4 29 -12 -2 -16 -6 -10 -7 -23 -29 -19
right_child=2 4 10 5 24 26 12 16 13 11 21 -13 -14 -15 23 -17 -18 20 -20 -21 -22 27 -24 -25 -26 -27 -28 28 -30 -31
leaf_value=-5.1874694187375745 9.0795639338164502 -0.46215245406167782 0.59939453049173841 11.751679461037936 -3.4877245113352275 2.0615650052609653 4.3292508295802188 -2.5944299542457161 -1.1893496778120214 1.4472797320231245 0.5973582926250639 3.3177122290865833 0.081028606770215214 -3.575246596297661 4.6365065637562015 13.968638404411607 -4.4744971062763623 9.5776211570290961 8.4716661431572664 -2.8815629244678553 11.028072720663301 2.4220797891202182 4.8882547042987969 6.6705302436914398 -1.8502935634354749 1.1376677788380121 6.5930987233700966 4.485752649056284 8.9537807124001656 6.1931362387537963
leaf_count=1087 29 267 158 134 151 23 86 507 130 540 21 251 54 77 99 79 166 34 44 36 58 23 54 214 300 72 23 38 21 40
internal_value=0 -43.0427 120.997 149.403 0.684008 214.525 119.864 -87.465 17.0963 28.183 28.1285 40.8161 53.813 -24.946 137.378 237.432 -61.1632 161.885 218.818 -0.931127 183.787 82.8622 127.054 120.544 -47.9705 -7.19835 86.5466 101.023 121.521 154.963
internal_count=4816 3548 1268 971 1788 303 668 1760 1337 1058 297 791 140 279 528 257 673 215 178 194 132 103 83 313 451 202 46 82 59 74
shrinkage=0.05


Tree=12
num_leaves=31
num_cat=0
split_feature=0 0 11 11 0 4 0 10 7 0 10 0 0 4 0 11 11 13 11 0 10 11 10 0 0 0 0 11 10 9
split_gain=2.26863e+07 6.21983e+06 3.37921e+06 1.49829e+06 1.30164e+06 1.14996e+06 688199 621302 455444 453612 442339 441598 422813 330048 200798 196741 195606 172498 171150 168852 167470 139287 157785 112465 110242 103138 94222.5 89272.7 83129.1 101509
threshold=0.63763785802058703 -0.42172738160118595 0.47959183673469391 0.39795918367346939 1.394273297566669 1.0000000180025095e-35 -1.0963157683352038 0.82500000000000018 1.0000000180025095e-35 1.6803889328235264 0.87500000000000011 0.10563806041069995 1.6803889328235264 1.0000000180025095e-35 1.0460699364482291 0.3775510204081633 0.47959183673469391 1.0000000180025095e-35 0.7857142857142857 2.2176929610678529 0.67500000000000016 0.23469387755102045 0.71500000000000008 2.0164555485883833 -0.15253873016602706 2.0164555485883833 -0.74939001479412215 0.3775510204081633 0.66500000000000015 0.14035500176325386
decision_type=2 2 2 2 2 2 2 2 2 2 2 2 2 2 2 2 2 2 2 2 2 2 2 2 2 2 2 2 2 2
left_child=1 6 5 13 10 12 -1 19 11 28 14 17 21 -3 -4 23 -8 24 20 -6 -16 -2 27 -14 -5 -11 -18 -23 29 -7
right_child=2 3 4 8 7 9 16 -9 -10 25 -12 -13 15 -15 18 -17 26 -19 -20 -21 -22 22 -24 -25 -26 -27 -28 -29 -30 -31
leaf_value=-5.0696380739473597 -2.2995526741762631 -2.7401758096597737 5.8385905082766403 -0.28019961698001689 10.82263783261746 2.2241935398267665 -3.775401374198792 3.4251463742256165 -2.5413212515413761 11.281435978797175 1.2746980616920873 2.8101567904454439 4.2129173536049693 -0.30860878322540858 9.6548659484863286 6.7899042122066025 -3.2611280839834644 4.9195253455120591 5.5105262597401943 13.772577543939864 5.4949071470896413 0.30784305978465726 -2.2215210098773244 0.55487945409531292 1.0115933752388588 7.2650851307493269 -1.5849794852414303 3.0765225812792778 2.703954349920668 6.0462073603146518
leaf_count=948 61 420 215 267 158 23 454 25 80 31 38 356 38 209 125 32 134 23 51 70 30 74 40 47 433 33 224 48 58 71
internal_value=0 -40.8905 114.947 0.649807 160.566 56.529 -83.0918 218.157 21.9753 113.587 128.823 27.373 20.2804 -38.6446 138.149 68.9653 -61.7256 13.1772 160.46 234.566 176.994 -5.26279 10.0732 43.8048 10.3773 184.21 -44.2473 27.9432 83.8509 102.221
internal_count=4816 3548 1268 1788 712 556 1760 253 1159 216 459 1079 340 629 421 117 812 723 206 228 155 223 162 85 700 64 358 122 152 94
shrinkage=0.05


Tree=13
num_leaves=31
num_cat=0
split_feature=0 0 11 0 11 4 10 0 0 0 0 0 10 11 0 11 13 11 11 10 0 7 10 9 0 0 10 11 0 4
split_gain=2.04917e+07 4.01223e+06 3.49185e+06 2.21996e+06 1.21672e+06 1.05825e+06 682675 642329 590251 493160 440546 292906 265832 239527 236056 224922 183053 179592 177559 172724 157574 148013 142929 130020 101500 97668.1 94805.6 94669.8 93480.4 83752.8
threshold=0.33042958521700944 -0.6602123739369522 0.47959183673469391 1.0460699364482291 0.43877551020408168 1.0000000180025095e-35 0.82500000000000018 1.6803889328235264 2.0164555485883833 1.6803889328235264 -0.33475843249151788 -1.0963157683352038 0.87500000000000011 0.29591836734693883 0.46412653116879427 0.7857142857142857 1.0000000180025095e-35 0.3775510204081633 0.3775510204081633 0.57500000000000007 0.63763785802058703 1.0000000180025095e-35 0.87500000000000011 0.34213001057952286 2.0164555485883833 -0.25412380487420855 0.75500000000000012 0.52040816326530626 0.21015541829725298 1.0000000180025095e-35
decision_type=2 2 2 2 2 2 2 2 2 2 2 2 2 2 2 2 2 2 2 2 2 2 2 2 2 2 2 2 2 2
left_child=1 11 5 12 13 9 8 20 15 17 -6 -1 14 -3 -4 -5 22 -2 24 -19 -7 25 28 -10 -11 -15 -9 -13 -12 -27
right_child=2 4 3 6 10 7 -8 26 23 18 16 27 -14 21 -16 -17 -18 19 -20 -21 -22 -23 -24 -25 -26 29 -28 -29 -30 -31
leaf_value=-4.8161561361848051 -1.1736597597362504 -3.2912058833204672 2.8004691073050103 8.9185475631210611 -1.1475692830103286 1.1433697478121354 2.7052869505435231 10.047415109114214 12.98333216155017 4.0022715957541219 1.0196582759272803 -3.9017826176825028 0.24973890270505633 -2.2088714229881314 5.3188144071842105 5.4649018006523455 5.5235056047854219 3.5289642779116934 6.4504089917521927 -0.7808695637661478 3.9829157600277352 -4.4618814932333457 -2.1233486448015486 9.7047599412146077 0.5271354821134121 -1.387005467315515 5.8956222724914555 -2.509867116823151 3.8370239785602021 0.56694954483225801
leaf_count=948 252 324 144 220 306 72 40 44 108 38 586 294 42 133 263 60 23 47 32 46 152 37 35 42 47 120 20 209 31 101
internal_value=0 -47.3706 89.7036 131.025 -14.3439 39.0714 179.063 86.6475 190.687 9.41359 8.52262 -85.9738 80.7396 -45.7175 88.5561 163.57 22.7908 -9.61281 65.5171 27.9444 61.4041 -29.0562 19.6979 241.307 41.6145 -22.766 175 -66.4686 23.2242 -9.88043
internal_count=4816 3147 1669 919 1696 750 470 288 430 462 981 1451 449 715 407 280 675 345 117 93 224 391 652 150 85 354 64 503 617 221
shrinkage=0.05


Tree=14
num_leaves=31
num_cat=0
split_feature=0 0 11 11 0 4 0 10 0 0 10 0 4 10 10 11 0 0 1 11 10 11 10 0 0 0 0 11 5 11
split_gain=1.8509e+07 5.06732e+06 2.75433e+06 1.2252e+06 1.06893e+06 934174 571540 504767 369470 365344 358228 342642 274753 233250 195008 160247 159030 150188 146327 138843 147990 120855 137703 106289 95834.8 95340.4 91603.8 81155.8 115080 79312.4
threshold=0.63763785802058703 -0.42172738160118595 0.47959183673469391 0.39795918367346939 1.394273297566669 1.0000000180025095e-35 -0.8650452739678709 0.77500000000000013 1.6803889328235264 0.10563806041069995 0.87500000000000011 1.6803889328235264 1.0000000180025095e-35 0.74500000000000011 0.88500000000000012 0.3775510204081633 1.0460699364482291 2.2176929610678529 1.0000000180025095e-35 0.7857142857142857 0.67500000000000016 0.23469387755102045 0.71500000000000008 -0.15253873016602706 2.0164555485883833 -1.229877675588722 2.0164555485883833 0.58163265306122458 1.0000000180025095e-35 0.27551020408163268
decision_type=2 2 2 2 2 2 2 2 2 2 2 2 2 2 2 2 2 2 2 2 2 2 2 2 2 2 2 2 2 2
left_child=1 6 5 12 10 11 25 17 -7 13 16 21 -3 23 27 26 -4 -6 -8 20 -18 -2 -23 -5 -10 -1 -13 28 -11 -28
right_child=2 3 4 9 7 8 18 -9 24 14 -12 15 -14 -15 -16 -17 19 -19 -20 -21 -22 22 -24 -25 -26 -27 29 -29 -30 -31
leaf_value=-4.8708745923723491 -2.1258920552300626 -2.4858333259891898 5.2807202534654811 -0.11990429361211768 9.8713324612379072 3.7837699859292786 -1.9625119583970179 4.2863116979599001 10.308743556853265 -0.65362972893366011 1.1629353617366991 3.8021579143248108 -0.26728386516509017 -1.5148106839891304 -2.5591386836767196 6.12788854315877 8.7261953464508064 12.704132423681372 -3.8346399149448751 4.9617548575003951 4.8156561444203057 1.3199688663981002 -2.0605997213721277 1.2369775564553074 6.4372036644906716 -3.9730600088702701 -1.68874784599651 3.1108155946071085 2.4785083878387528 2.4275620312690736
leaf_count=525 61 420 215 221 150 152 419 35 31 41 38 38 209 136 20 32 125 68 139 51 30 122 40 416 33 677 22 222 103 25
internal_value=0 -36.9347 103.827 0.55999 145.012 51.0855 -75.0259 197.202 102.512 19.8443 116.246 18.4143 -34.9734 7.29805 44.9692 62.2412 124.639 215.099 -48.5773 144.495 159.386 -4.58002 9.70521 15.3245 166.25 -87.304 39.5338 50.2234 31.7344 10.0156
internal_count=4816 3548 1268 1788 712 556 1760 253 216 1159 459 340 629 773 386 117 421 218 558 206 155 223 162 637 64 1202 85 366 144 47
shrinkage=0.05


Tree=15
num_leaves=31
num_cat=0
split_feature=0 11 0 0 11 0 7 11 10 12 10 4 10 12 9 0 0 11 0 10 9 7 10 10 0 10 2 11 7 12
split_gain=1.6325e+07 3.13818e+06 3.07015e+06 1.80058e+06 829607 695338 599019 382023 371014 364430 358173 355245 326699 285323 246941 245067 213830 212112 192583 160597 157314 148200 144151 133549 131882 129432 158030 121395 116296 112026
threshold=0.21015541829725298 0.47959183673469391 -0.68872208696574566 1.1861454409230807 0.50000000000000011 1.301417663584904 1.0000000180025095e-35 0.25510204081632659 0.75500000000000012 1.0000000180025095e-35 0.45500000000000007 1.0000000180025095e-35 0.83500000000000008 1.0000000180025095e-35 0.34213001057952286 -0.33475843249151788 0.85469527529141431 0.23469387755102045 -1.0963157683352038 0.64500000000000013 0.3157987539673211 1.0000000180025095e-35 0.47500000000000003 0.50500000000000012 2.0164555485883833 0.34500000000000008 1.0000000180025095e-35 0.72448979591836749 1.0000000180025095e-35 1.0000000180025095e-35
decision_type=2 2 2 2 2 2 2 2 2 2 2 2 2 2 2 2 2 2 2 2 2 2 2 2 2 2 2 2 2 2
left_child=2 5 18 8 17 11 7 23 16 10 27 21 15 20 19 -6 -3 -4 -1 25 -9 -2 -19 -7 -15 -11 -27 -5 -13 -17
right_child=1 3 4 9 12 6 -8 13 -10 14 -12 28 -14 24 -16 29 -18 22 -20 -21 -22 -23 -24 -25 -26 26 -28 -29 -30 -31
leaf_value=-4.3665200235450445 -0.39278286349185754 3.8775604030440252 -3.479266367732794 10.233733864153846 -0.72239746384513692 -1.2636201676200418 -3.3856031195870764 5.2573481013774881 1.4494670395667737 8.3298935413360606 4.3809500852698351 2.5150938269368117 -2.6078066265103463 9.5181820111500244 6.5412833701009339 2.8717870245839276 6.2737496434317697 -0.39264614429306149 -3.1115876730141503 8.7605124326366361 1.1823816063668993 -4.7456462133498425 -2.0071045179586142 3.1680306147783996 5.7787487352811375 14.086006687508254 8.9644417953491224 6.2829171240329744 -1.1386579456329347 0.90051072585616232
leaf_count=958 284 300 174 59 234 34 29 50 117 20 85 169 87 37 46 86 135 199 449 66 45 21 453 34 65 61 20 29 25 445
internal_value=0 76.467 -44.87 115.616 -15.9829 30.1591 68.737 83.6691 78.9787 168.01 133.916 7.42988 5.91035 105.976 195.702 12.514 92.4241 -38.5653 -79.321 213.572 66.542 -13.8498 -30.287 19.0441 142.704 238.64 256.428 178.635 40.885 24.3955
internal_count=4816 1731 3085 938 1678 793 294 265 552 386 173 499 852 197 213 765 435 826 1407 167 95 305 652 68 102 101 81 88 194 531
shrinkage=0.05


Tree=16
num_leaves=31
num_cat=0
split_feature=0 0 1 0 0 7 12 7 1 0 13 0 7 0 7 1 9 5 7 3 3 0 9 9 0 0 2 9 12 0
split_gain=1.47333e+07 2.77081e+06 2.23604e+06 2.11011e+06 534153 483390 481596 423353 409751 372073 256000 251428 208881 173806 166709 149650 139288 136281 100822 82219.2 74477 69019 67485.2 66127.9 110614 62950.7 58812.4 54660.2 54159.9 51214.2
threshold=0.21015541829725298 -0.68872208696574566 1.0000000180025095e-35 1.1861454409230807 -0.25412380487420855 1.0000000180025095e-35 1.0000000180025095e-35 1.0000000180025095e-35 1.0000000180025095e-35 1.6803889328235264 1.0000000180025095e-35 0.85469527529141431 1.0000000180025095e-35 -1.0963157683352038 1.0000000180025095e-35 1.0000000180025095e-35 0.28071000352650771 1.0000000180025095e-35 1.0000000180025095e-35 1.0000000180025095e-35 1.0000000180025095e-35 2.2176929610678529 0.1754437522040673 0.47372751851416495 1.1861454409230807 0.46412653116879427 1.0000000180025095e-35 0.1754437522040673 1.0000000180025095e-35 0.37841833743430969
decision_type=2 2 2 2 2 2 2 2 2 2 2 2 2 2 2 2 2 2 2 2 2 2 2 2 2 2 2 2 2 2
left_child=1 13 3 7 15 6 22 11 10 14 12 20 -6 -1 23 18 -7 -11 -3 -13 25 -8 -5 24 28 -2 -24 -23 -4 -30
right_child=2 4 9 5 8 16 21 -9 -10 17 -12 19 -14 -15 -16 -17 -18 -19 -20 -21 -22 27 26 -25 -26 -27 -28 -29 29 -31
leaf_value=-4.1481939769488037 1.6894667612846026 -1.2001849183688562 -1.5705636101384317 4.5099730443569923 0.64618610693998868 4.632839194933573 8.5401942307488969 -0.71834682614906975 -1.7589449459815076 0.26970527710453157 5.3759102697725654 4.1537956802174447 -2.8051355341647533 -2.9560082896183224 -4.6852905772981188 -3.1096137498461065 -0.87243640869855887 4.2186864719197557 -3.75175450869969 6.2950108928956849 3.6705259287366148 8.0557764577865605 5.7688632089574385 -1.9945082346598308 2.1370021630977765 3.0268097710325037 7.7961473311539056 11.074060907363894 2.0360695318877697 -0.29917429790452676
leaf_count=958 167 495 62 62 652 27 171 69 247 31 27 128 47 449 21 168 20 74 42 69 169 20 106 39 58 186 54 60 30 108
internal_value=0 -42.6265 72.6437 93.0826 -15.1838 142.526 152.137 60.4549 0.00333293 9.44251 11.973 67.6353 8.28246 -75.3549 -7.59965 -36.1441 45.8034 61.0559 -27.995 98.0753 56.1474 182.146 118.208 -1.51134 4.29011 47.8826 129.061 206.39 -6.86037 4.16975
internal_count=4816 3085 1731 1308 1678 520 473 788 973 423 726 719 699 1407 318 705 47 105 537 197 522 251 222 297 258 353 160 80 200 138
shrinkage=0.05


Tree=17
num_leaves=31
num_cat=0
split_feature=0 11 0 0 11 4 0 10 10 12 10 0 10 0 9 11 0 0 5 10 10 2 12 12 0 11 10 10 9 11
split_gain=1.32968e+07 2.65499e+06 2.5012e+06 1.47437e+06 683501 567657 377945 341797 319438 301098 317589 285612 245044 228350 220760 211821 203589 174716 157517 140731 118954 140949 116268 108941 158029 107405 99065.3 94991.5 93461.5 120397
threshold=0.21015541829725298 0.47959183673469391 -0.63695422841080285 1.1861454409230807 0.35714285714285715 1.0000000180025095e-35 1.1861454409230807 0.81500000000000017 0.75500000000000012 1.0000000180025095e-35 0.45500000000000007 1.301417663584904 0.85500000000000009 -1.0963157683352038 0.34213001057952286 0.25510204081632659 -0.25412380487420855 0.85469527529141431 1.0000000180025095e-35 0.64500000000000013 0.34500000000000008 1.0000000180025095e-35 1.0000000180025095e-35 1.0000000180025095e-35 -0.056227341475843455 0.72448979591836749 0.79500000000000015 0.44500000000000006 0.24562125308569419 0.33673469387755106
decision_type=2 2 2 2 2 2 2 2 2 2 2 2 2 2 2 2 2 2 2 2 2 2 2 2 2 2 2 2 2 2
left_child=2 5 13 8 -4 11 26 16 17 10 25 28 15 -1 19 -13 -6 -3 -17 20 -11 -22 -20 24 -18 -5 -7 -16 29 -2
right_child=1 3 4 9 7 6 -8 -9 -10 14 -12 12 -14 -15 27 18 23 -19 22 -21 21 -23 -24 -25 -26 -27 -28 -29 -30 -31
leaf_value=-3.9407842919790421 -0.85690992699729085 3.5449852109253408 -2.215155320491847 9.4022003769874569 -0.72325415028094808 2.3552555761741898 5.3608676479743416 -2.0594833920583313 1.2741523741147458 7.4450250864028931 3.8923026574359221 -0.084008179631149565 -3.4391119956970218 -2.6691127843688345 7.988487887382508 0.59751864787070985 1.310784756587102 5.7109608805621122 2.5667501885550363 7.9293998859568759 12.945204460425456 8.1083500671386712 6.3399301786811986 0.65207802301386131 6.2134230830452664 5.6860001827108455 -0.28432996136446798 3.4399225776845763 -1.4902716358718666 2.1294394325326991
leaf_count=958 90 300 472 59 272 137 111 162 117 20 85 57 20 559 24 31 65 135 35 66 61 20 49 575 22 29 48 22 161 54
internal_value=0 69.0115 -40.4952 105.021 -12.4882 26.4176 61.0864 1.21313 71.8678 152.432 121.442 5.76979 35.9839 -69.4437 177.603 48.166 8.5678 84.3437 72.8723 194.499 217.965 235.018 95.3554 18.0315 51.0106 163.551 33.4078 116.262 -13.2502 5.25942
internal_count=4816 1731 3085 938 1568 793 296 1096 552 386 173 497 192 1517 213 172 934 435 115 167 101 81 84 662 87 88 185 46 305 144
shrinkage=0.05


Tree=18
num_leaves=31
num_cat=0
split_feature=0 11 0 0 11 7 0 4 11 10 12 10 10 0 11 11 0 0 10 10 10 0 10 10 5 12 0 11 10 11
split_gain=1.20004e+07 2.39613e+06 2.26363e+06 1.33062e+06 658482 541111 622124 322305 303028 290254 271741 286624 257233 182735 168854 161960 143018 141492 128112 138689 124002 115173 134229 119229 133084 99510.4 97275.8 96933.2 94371.6 94269
threshold=0.21015541829725298 0.47959183673469391 -0.68872208696574566 1.1861454409230807 0.50000000000000011 1.0000000180025095e-35 1.6803889328235264 1.0000000180025095e-35 0.25510204081632659 0.72500000000000009 1.0000000180025095e-35 0.45500000000000007 0.83500000000000008 -0.15253873016602706 0.23469387755102045 0.3775510204081633 -1.177892012749016 0.85469527529141431 0.82500000000000018 0.30500000000000005 0.62500000000000011 2.0164555485883833 0.67500000000000016 0.63500000000000012 1.0000000180025095e-35 1.0000000180025095e-35 2.0164555485883833 0.72448979591836749 0.50500000000000012 0.72448979591836749
decision_type=2 2 2 2 2 2 2 2 2 2 2 2 2 2 2 2 2 2 2 2 2 2 2 2 2 2 2 2 2 2
left_child=2 5 16 9 14 6 7 15 28 17 11 27 13 -6 -4 -2 -1 -3 19 -12 -16 22 -21 24 -23 29 -10 -5 -8 -15
right_child=1 3 4 10 12 -7 8 -9 26 -11 18 -13 -14 25 20 -17 -18 -19 -20 21 -22 23 -24 -25 -26 -27 -28 -29 -30 -31
leaf_value=-3.881201852205638 -0.72437170158711173 3.4728036488235503 -3.0730898778500233 8.9320904481208938 -0.33622215375115605 -2.7863450293540954 -1.4466734862327577 2.4516435736647022 7.8767824244499209 1.5106337640700598 5.3332799484332405 3.6976875136179084 -2.2842870351226852 1.7934558768446249 -0.74753955524762217 1.6343863704829542 -2.8716374883140583 5.4871731036467351 5.0734510688781747 4.6946582019329073 -2.1505895274586249 14.619952888488768 10.101634520834143 6.910053790157491 10.035934252487987 0.91875361324901506 4.7777147597484833 5.401700231946748 2.9873718659083051 5.879219564199448
leaf_count=740 248 278 174 59 316 75 20 208 40 147 24 85 87 48 386 103 667 127 25 24 266 20 22 22 76 381 69 29 30 20
internal_value=0 65.5609 -38.4704 99.77 -13.6661 25.0967 33.5393 17.8404 88.7322 68.2744 144.81 115.369 5.83888 11.6985 -33.7851 -0.644011 -68.0522 82.0894 168.722 177.666 -26.399 188.056 145.612 204.602 219.819 24.6644 118.3 155.373 24.2751 59.903
internal_count=4816 1731 3085 938 1678 793 718 559 159 552 386 173 852 765 826 351 1407 405 213 188 652 164 46 118 96 449 109 88 50 68
shrinkage=0.05


Tree=19
num_leaves=31
num_cat=0
split_feature=11 10 10 11 10 12 4 2 10 11 4 11 10 10 10 11 11 9 11 11 2 9 4 12 9 9 11 11 10 11
split_gain=2.86664e+06 2.44942e+06 746320 716113 635826 569217 258479 248064 213158 166990 283872 180189 162133 199787 137552 129149 196277 136633 122243 106449 95804.1 94975.7 90315.9 93150.2 86795.4 86592.2 85525.6 82687.2 72634.8 83457.5
threshold=0.47959183673469391 0.72500000000000009 0.49500000000000005 0.29591836734693883 0.62500000000000011 1.0000000180025095e-35 1.0000000180025095e-35 1.0000000180025095e-35 0.88500000000000012 0.70408163265306134 1.0000000180025095e-35 0.58163265306122458 0.21500000000000002 0.45500000000000007 0.85500000000000009 0.60204081632653073 0.72448979591836749 0.21053250264488074 0.56122448979591855 0.82653061224489799 1.0000000180025095e-35 0.14035500176325386 1.0000000180025095e-35 1.0000000180025095e-35 0.50881626895497845 0.34213001057952286 0.35714285714285715 0.68367346938775519 0.43500000000000005 0.70408163265306134
decision_type=2 2 2 2 2 2 2 2 2 2 2 2 2 2 2 2 2 2 2 2 2 2 2 2 2 2 2 2 2 2
left_child=3 2 5 22 6 15 12 9 -3 10 -4 -12 -5 -14 20 -2 17 -17 -9 21 25 27 -1 -24 28 -6 -8 -7 -23 -30
right_child=1 8 7 4 14 19 26 18 -10 -11 11 -13 13 -15 -16 16 -18 -19 -20 -21 -22 24 23 -25 -26 -27 -28 -29 29 -31
leaf_value=-2.5959512112263421 3.9346000911314278 -0.60702772523516313 -0.0090992877259850509 -4.6334658104181292 -0.27793633985195976 -0.037029058734575911 0.86021659773497194 -1.3444617388047735 -2.5249071032292134 2.7546869866393666 2.0326562178134919 6.8957629566192624 1.0014031296900727 -1.2151236245408654 -2.5919188440697538 5.1668638435277074 4.7325448742279645 9.9577093694521039 0.84588481421162798 0.70044203518944625 -2.2976071618000669 3.9563383791211475 -2.8186601307160326 -0.83335545246684273 0.91616259742830253 -2.6777458719231868 2.6739537285048836 2.9637638910250232 0.92079283690452574 4.0531870262042897
leaf_count=738 79 668 204 20 258 48 131 98 185 286 80 25 220 189 245 22 78 46 182 68 120 223 90 172 37 44 129 44 50 37
internal_value=0 22.8513 45.8408 -25.9548 -10.9831 69.4023 10.3225 26.1299 -20.4596 37.6804 21.5631 63.8108 -4.75613 -0.457197 -32.9913 111.262 128.885 168.155 1.58527 50.8255 -22.0493 56.5283 -46.2566 -30.3066 64.102 -12.5515 35.2022 27.9627 69.5659 45.0592
internal_count=4816 2460 1607 2356 1356 732 689 875 853 595 309 105 429 409 667 225 146 68 280 507 422 439 1000 262 347 302 260 92 310 87
shrinkage=0.05



feature importances:
hour_coef=194
temp=117
humidity=114
weather3=36
season4=31
windspeed=24
season1=22
workingday=21
weather1=15
season2=10
season3=8
holiday=7
weather2=1

pandas_categorical:[]
